100
42 1 1 2 1 3 1 4 1 5 1 6 1 7 1 8 1 9 1 10 1 11 1 12 1 13 1 14 1 15 1 16 1 17 1 18 1 19 1 20 1 21 1 22 1 23 1 24 1 25 1 26 1 27 1 28 1 29 1 30 1 31 1 32 1 33 1 34 1 35 1 36 1 37 1 38 1 39 1 40 1 41 1 42 1
42 2 99 3 99 4 99 5 99 6 99 7 99 8 99 9 99 10 99 11 99 12 99 13 99 14 99 15 99 16 99 17 99 18 99 19 99 20 99 21 99 22 99 23 99 24 99 25 99 26 99 27 99 28 99 29 99 30 99 31 99 32 99 33 99 34 99 35 99 36 99 37 99 38 99 39 99 40 99 41 99 42 99 0 1
41 3 99 4 99 5 99 6 99 7 99 8 99 9 99 10 99 11 99 12 99 13 99 14 99 15 99 16 99 17 99 18 99 19 99 20 99 21 99 22 99 23 99 24 99 25 99 26 99 27 99 28 99 29 99 30 99 31 99 32 99 33 99 34 99 35 99 36 99 37 99 38 99 39 99 40 99 41 99 42 99 1 1
40 4 99 5 99 6 99 7 99 8 99 9 99 10 99 11 99 12 99 13 99 14 99 15 99 16 99 17 99 18 99 19 99 20 99 21 99 22 99 23 99 24 99 25 99 26 99 27 99 28 99 29 99 30 99 31 99 32 99 33 99 34 99 35 99 36 99 37 99 38 99 39 99 40 99 41 99 42 99 2 1
39 5 99 6 99 7 99 8 99 9 99 10 99 11 99 12 99 13 99 14 99 15 99 16 99 17 99 18 99 19 99 20 99 21 99 22 99 23 99 24 99 25 99 26 99 27 99 28 99 29 99 30 99 31 99 32 99 33 99 34 99 35 99 36 99 37 99 38 99 39 99 40 99 41 99 42 99 3 1
38 6 99 7 99 8 99 9 99 10 99 11 99 12 99 13 99 14 99 15 99 16 99 17 99 18 99 19 99 20 99 21 99 22 99 23 99 24 99 25 99 26 99 27 99 28 99 29 99 30 99 31 99 32 99 33 99 34 99 35 99 36 99 37 99 38 99 39 99 40 99 41 99 42 99 4 1
37 7 99 8 99 9 99 10 99 11 99 12 99 13 99 14 99 15 99 16 99 17 99 18 99 19 99 20 99 21 99 22 99 23 99 24 99 25 99 26 99 27 99 28 99 29 99 30 99 31 99 32 99 33 99 34 99 35 99 36 99 37 99 38 99 39 99 40 99 41 99 42 99 5 1
36 8 99 9 99 10 99 11 99 12 99 13 99 14 99 15 99 16 99 17 99 18 99 19 99 20 99 21 99 22 99 23 99 24 99 25 99 26 99 27 99 28 99 29 99 30 99 31 99 32 99 33 99 34 99 35 99 36 99 37 99 38 99 39 99 40 99 41 99 42 99 6 1
35 9 99 10 99 11 99 12 99 13 99 14 99 15 99 16 99 17 99 18 99 19 99 20 99 21 99 22 99 23 99 24 99 25 99 26 99 27 99 28 99 29 99 30 99 31 99 32 99 33 99 34 99 35 99 36 99 37 99 38 99 39 99 40 99 41 99 42 99 7 1
34 10 99 11 99 12 99 13 99 14 99 15 99 16 99 17 99 18 99 19 99 20 99 21 99 22 99 23 99 24 99 25 99 26 99 27 99 28 99 29 99 30 99 31 99 32 99 33 99 34 99 35 99 36 99 37 99 38 99 39 99 40 99 41 99 42 99 8 1
33 11 99 12 99 13 99 14 99 15 99 16 99 17 99 18 99 19 99 20 99 21 99 22 99 23 99 24 99 25 99 26 99 27 99 28 99 29 99 30 99 31 99 32 99 33 99 34 99 35 99 36 99 37 99 38 99 39 99 40 99 41 99 42 99 9 1
32 12 99 13 99 14 99 15 99 16 99 17 99 18 99 19 99 20 99 21 99 22 99 23 99 24 99 25 99 26 99 27 99 28 99 29 99 30 99 31 99 32 99 33 99 34 99 35 99 36 99 37 99 38 99 39 99 40 99 41 99 42 99 10 1
31 13 99 14 99 15 99 16 99 17 99 18 99 19 99 20 99 21 99 22 99 23 99 24 99 25 99 26 99 27 99 28 99 29 99 30 99 31 99 32 99 33 99 34 99 35 99 36 99 37 99 38 99 39 99 40 99 41 99 42 99 11 1
30 14 99 15 99 16 99 17 99 18 99 19 99 20 99 21 99 22 99 23 99 24 99 25 99 26 99 27 99 28 99 29 99 30 99 31 99 32 99 33 99 34 99 35 99 36 99 37 99 38 99 39 99 40 99 41 99 42 99 12 1
29 15 99 16 99 17 99 18 99 19 99 20 99 21 99 22 99 23 99 24 99 25 99 26 99 27 99 28 99 29 99 30 99 31 99 32 99 33 99 34 99 35 99 36 99 37 99 38 99 39 99 40 99 41 99 42 99 13 1
28 16 99 17 99 18 99 19 99 20 99 21 99 22 99 23 99 24 99 25 99 26 99 27 99 28 99 29 99 30 99 31 99 32 99 33 99 34 99 35 99 36 99 37 99 38 99 39 99 40 99 41 99 42 99 14 1
27 17 99 18 99 19 99 20 99 21 99 22 99 23 99 24 99 25 99 26 99 27 99 28 99 29 99 30 99 31 99 32 99 33 99 34 99 35 99 36 99 37 99 38 99 39 99 40 99 41 99 42 99 15 1
26 18 99 19 99 20 99 21 99 22 99 23 99 24 99 25 99 26 99 27 99 28 99 29 99 30 99 31 99 32 99 33 99 34 99 35 99 36 99 37 99 38 99 39 99 40 99 41 99 42 99 16 1
25 19 99 20 99 21 99 22 99 23 99 24 99 25 99 26 99 27 99 28 99 29 99 30 99 31 99 32 99 33 99 34 99 35 99 36 99 37 99 38 99 39 99 40 99 41 99 42 99 17 1
24 20 99 21 99 22 99 23 99 24 99 25 99 26 99 27 99 28 99 29 99 30 99 31 99 32 99 33 99 34 99 35 99 36 99 37 99 38 99 39 99 40 99 41 99 42 99 18 1
23 21 99 22 99 23 99 24 99 25 99 26 99 27 99 28 99 29 99 30 99 31 99 32 99 33 99 34 99 35 99 36 99 37 99 38 99 39 99 40 99 41 99 42 99 19 1
22 22 99 23 99 24 99 25 99 26 99 27 99 28 99 29 99 30 99 31 99 32 99 33 99 34 99 35 99 36 99 37 99 38 99 39 99 40 99 41 99 42 99 20 1
21 23 99 24 99 25 99 26 99 27 99 28 99 29 99 30 99 31 99 32 99 33 99 34 99 35 99 36 99 37 99 38 99 39 99 40 99 41 99 42 99 21 1
20 24 99 25 99 26 99 27 99 28 99 29 99 30 99 31 99 32 99 33 99 34 99 35 99 36 99 37 99 38 99 39 99 40 99 41 99 42 99 22 1
19 25 99 26 99 27 99 28 99 29 99 30 99 31 99 32 99 33 99 34 99 35 99 36 99 37 99 38 99 39 99 40 99 41 99 42 99 23 1
18 26 99 27 99 28 99 29 99 30 99 31 99 32 99 33 99 34 99 35 99 36 99 37 99 38 99 39 99 40 99 41 99 42 99 24 1
17 27 99 28 99 29 99 30 99 31 99 32 99 33 99 34 99 35 99 36 99 37 99 38 99 39 99 40 99 41 99 42 99 25 1
16 28 99 29 99 30 99 31 99 32 99 33 99 34 99 35 99 36 99 37 99 38 99 39 99 40 99 41 99 42 99 26 1
15 29 99 30 99 31 99 32 99 33 99 34 99 35 99 36 99 37 99 38 99 39 99 40 99 41 99 42 99 27 1
14 30 99 31 99 32 99 33 99 34 99 35 99 36 99 37 99 38 99 39 99 40 99 41 99 42 99 28 1
13 31 99 32 99 33 99 34 99 35 99 36 99 37 99 38 99 39 99 40 99 41 99 42 99 29 1
12 32 99 33 99 34 99 35 99 36 99 37 99 38 99 39 99 40 99 41 99 42 99 30 1
11 33 99 34 99 35 99 36 99 37 99 38 99 39 99 40 99 41 99 42 99 31 1
10 34 99 35 99 36 99 37 99 38 99 39 99 40 99 41 99 42 99 32 1
9 35 99 36 99 37 99 38 99 39 99 40 99 41 99 42 99 33 1
8 36 99 37 99 38 99 39 99 40 99 41 99 42 99 34 1
7 37 99 38 99 39 99 40 99 41 99 42 99 35 1
6 38 99 39 99 40 99 41 99 42 99 36 1
5 39 99 40 99 41 99 42 99 37 1
4 40 99 41 99 42 99 38 1
3 41 99 42 99 39 1
2 42 99 40 1
2 43 99 41 1
2 44 99 42 1
2 45 99 43 1
2 46 99 44 1
2 47 99 45 1
2 48 99 46 1
2 49 99 47 1
2 50 99 48 1
2 51 99 49 1
2 52 99 50 1
2 53 99 51 1
2 54 99 52 1
2 55 99 53 1
2 56 99 54 1
2 57 99 55 1
2 58 99 56 1
2 59 99 57 1
2 60 99 58 1
2 61 99 59 1
2 62 99 60 1
2 63 99 61 1
2 64 99 62 1
2 65 99 63 1
2 66 99 64 1
2 67 99 65 1
2 68 99 66 1
2 69 99 67 1
2 70 99 68 1
2 71 99 69 1
2 72 99 70 1
2 73 99 71 1
2 74 99 72 1
2 75 99 73 1
2 76 99 74 1
2 77 99 75 1
2 78 99 76 1
1 77 1
1 78 1
1 79 1
1 80 1
1 81 1
1 82 1
1 83 1
1 84 1
1 85 1
1 86 1
1 87 1
1 88 1
1 89 1
1 90 1
1 91 1
1 92 1
1 93 1
1 94 1
1 95 1
1 96 1
1 97 1
1 98 1
10
99 0
99 0
99 0
99 0
99 0
99 0
99 0
99 0
99 0
99 0
99 0