500 1501
0 1
1 2
2 3
3 4
4 5
5 6
6 7
7 8
8 9
9 10
10 11
11 12
12 13
13 14
14 15
15 16
16 17
17 18
18 19
19 20
20 21
21 22
22 23
23 24
24 25
25 26
26 27
27 28
28 29
29 30
30 31
31 32
32 33
33 34
34 35
35 36
36 37
37 38
38 39
39 40
40 41
41 42
42 43
43 44
44 45
45 46
46 47
47 48
48 49
49 50
50 51
51 52
52 53
53 54
54 55
55 56
56 57
57 58
58 59
59 60
60 61
61 62
62 63
63 64
64 65
65 66
66 67
67 68
68 69
69 70
70 71
71 72
72 73
73 74
74 75
75 76
76 77
77 78
78 79
79 80
80 81
81 82
82 83
83 84
84 85
85 86
86 87
87 88
88 89
89 90
90 91
91 92
92 93
93 94
94 95
95 96
96 97
97 98
98 99
99 100
100 101
101 102
102 103
103 104
104 105
105 106
106 107
107 108
108 109
109 110
110 111
111 112
112 113
113 114
114 115
115 116
116 117
117 118
118 119
119 120
120 121
121 122
122 123
123 124
124 125
125 126
126 127
127 128
128 129
129 130
130 131
131 132
132 133
133 134
134 135
135 136
136 137
137 138
138 139
139 140
140 141
141 142
142 143
143 144
144 145
145 146
146 147
147 148
148 149
149 150
150 151
151 152
152 153
153 154
154 155
155 156
156 157
157 158
158 159
159 160
160 161
161 162
162 163
163 164
164 165
165 166
166 167
167 168
168 169
169 170
170 171
171 172
172 173
173 174
174 175
175 176
176 177
177 178
178 179
179 180
180 181
181 182
182 183
183 184
184 185
185 186
186 187
187 188
188 189
189 190
190 191
191 192
192 193
193 194
194 195
195 196
196 197
197 198
198 199
199 200
200 201
201 202
202 203
203 204
204 205
205 206
206 207
207 208
208 209
209 210
210 211
211 212
212 213
213 214
214 215
215 216
216 217
217 218
218 219
219 220
220 221
221 222
222 223
223 224
224 225
225 226
226 227
227 228
228 229
229 230
230 231
231 232
232 233
233 234
234 235
235 236
236 237
237 238
238 239
239 240
240 241
241 242
242 243
243 244
244 245
245 246
246 247
247 248
248 249
249 250
250 251
251 252
252 253
253 254
254 255
255 256
256 257
257 258
258 259
259 260
260 261
261 262
262 263
263 264
264 265
265 266
266 267
267 268
268 269
269 270
270 271
271 272
272 273
273 274
274 275
275 276
276 277
277 278
278 279
279 280
280 281
281 282
282 283
283 284
284 285
285 286
286 287
287 288
288 289
289 290
290 291
291 292
292 293
293 294
294 295
295 296
296 297
297 298
298 299
299 300
300 301
301 302
302 303
303 304
304 305
305 306
306 307
307 308
308 309
309 310
310 311
311 312
312 313
313 314
314 315
315 316
316 317
317 318
318 319
319 320
320 321
321 322
322 323
323 324
324 325
325 326
326 327
327 328
328 329
329 330
330 331
331 332
332 333
333 334
334 335
335 336
336 337
337 338
338 339
339 340
340 341
341 342
342 343
343 344
344 345
345 346
346 347
347 348
348 349
349 350
350 351
351 352
352 353
353 354
354 355
355 356
356 357
357 358
358 359
359 360
360 361
361 362
362 363
363 364
364 365
365 366
366 367
367 368
368 369
369 370
370 371
371 372
372 373
373 374
374 375
375 376
376 377
377 378
378 379
379 380
380 381
381 382
382 383
383 384
384 385
385 386
386 387
387 388
388 389
389 390
390 391
391 392
392 393
393 394
394 395
395 396
396 397
397 398
398 399
399 400
400 401
401 402
402 403
403 404
404 405
405 406
406 407
407 408
408 409
409 410
410 411
411 412
412 413
413 414
414 415
415 416
416 417
417 418
418 419
419 420
420 421
421 422
422 423
423 424
424 425
425 426
426 427
427 428
428 429
429 430
430 431
431 432
432 433
433 434
434 435
435 436
436 437
437 438
438 439
439 440
440 441
441 442
442 443
443 444
444 445
445 446
446 447
447 448
448 449
449 450
450 451
451 452
452 453
453 454
453 455
453 456
453 457
453 458
453 459
453 460
453 461
453 462
453 463
453 464
453 465
453 466
453 467
453 468
453 469
453 470
453 471
453 472
453 473
453 474
453 475
453 476
453 477
453 478
453 479
453 480
453 481
453 482
453 483
453 484
453 485
453 486
453 487
453 488
453 489
453 490
453 491
453 492
453 493
453 494
453 495
453 496
453 497
453 498
453 499
454 455
454 456
454 457
454 458
454 459
454 460
454 461
454 462
454 463
454 464
454 465
454 466
454 467
454 468
454 469
454 470
454 471
454 472
454 473
454 474
454 475
454 476
454 477
454 478
454 479
454 480
454 481
454 482
454 483
454 484
454 485
454 486
454 487
454 488
454 489
454 490
454 491
454 492
454 493
454 494
454 495
454 496
454 497
454 498
454 499
455 456
455 457
455 458
455 459
455 460
455 461
455 462
455 463
455 464
455 465
455 466
455 467
455 468
455 469
455 470
455 471
455 472
455 473
455 474
455 475
455 476
455 477
455 478
455 479
455 480
455 481
455 482
455 483
455 484
455 485
455 486
455 487
455 488
455 489
455 490
455 491
455 492
455 493
455 494
455 495
455 496
455 497
455 498
455 499
456 457
456 458
456 459
456 460
456 461
456 462
456 463
456 464
456 465
456 466
456 467
456 468
456 469
456 470
456 471
456 472
456 473
456 474
456 475
456 476
456 477
456 478
456 479
456 480
456 481
456 482
456 483
456 484
456 485
456 486
456 487
456 488
456 489
456 490
456 491
456 492
456 493
456 494
456 495
456 496
456 497
456 498
456 499
457 458
457 459
457 460
457 461
457 462
457 463
457 464
457 465
457 466
457 467
457 468
457 469
457 470
457 471
457 472
457 473
457 474
457 475
457 476
457 477
457 478
457 479
457 480
457 481
457 482
457 483
457 484
457 485
457 486
457 487
457 488
457 489
457 490
457 491
457 492
457 493
457 494
457 495
457 496
457 497
457 498
457 499
458 459
458 460
458 461
458 462
458 463
458 464
458 465
458 466
458 467
458 468
458 469
458 470
458 471
458 472
458 473
458 474
458 475
458 476
458 477
458 478
458 479
458 480
458 481
458 482
458 483
458 484
458 485
458 486
458 487
458 488
458 489
458 490
458 491
458 492
458 493
458 494
458 495
458 496
458 497
458 498
458 499
459 460
459 461
459 462
459 463
459 464
459 465
459 466
459 467
459 468
459 469
459 470
459 471
459 472
459 473
459 474
459 475
459 476
459 477
459 478
459 479
459 480
459 481
459 482
459 483
459 484
459 485
459 486
459 487
459 488
459 489
459 490
459 491
459 492
459 493
459 494
459 495
459 496
459 497
459 498
459 499
460 461
460 462
460 463
460 464
460 465
460 466
460 467
460 468
460 469
460 470
460 471
460 472
460 473
460 474
460 475
460 476
460 477
460 478
460 479
460 480
460 481
460 482
460 483
460 484
460 485
460 486
460 487
460 488
460 489
460 490
460 491
460 492
460 493
460 494
460 495
460 496
460 497
460 498
460 499
461 462
461 463
461 464
461 465
461 466
461 467
461 468
461 469
461 470
461 471
461 472
461 473
461 474
461 475
461 476
461 477
461 478
461 479
461 480
461 481
461 482
461 483
461 484
461 485
461 486
461 487
461 488
461 489
461 490
461 491
461 492
461 493
461 494
461 495
461 496
461 497
461 498
461 499
462 463
462 464
462 465
462 466
462 467
462 468
462 469
462 470
462 471
462 472
462 473
462 474
462 475
462 476
462 477
462 478
462 479
462 480
462 481
462 482
462 483
462 484
462 485
462 486
462 487
462 488
462 489
462 490
462 491
462 492
462 493
462 494
462 495
462 496
462 497
462 498
462 499
463 464
463 465
463 466
463 467
463 468
463 469
463 470
463 471
463 472
463 473
463 474
463 475
463 476
463 477
463 478
463 479
463 480
463 481
463 482
463 483
463 484
463 485
463 486
463 487
463 488
463 489
463 490
463 491
463 492
463 493
463 494
463 495
463 496
463 497
463 498
463 499
464 465
464 466
464 467
464 468
464 469
464 470
464 471
464 472
464 473
464 474
464 475
464 476
464 477
464 478
464 479
464 480
464 481
464 482
464 483
464 484
464 485
464 486
464 487
464 488
464 489
464 490
464 491
464 492
464 493
464 494
464 495
464 496
464 497
464 498
464 499
465 466
465 467
465 468
465 469
465 470
465 471
465 472
465 473
465 474
465 475
465 476
465 477
465 478
465 479
465 480
465 481
465 482
465 483
465 484
465 485
465 486
465 487
465 488
465 489
465 490
465 491
465 492
465 493
465 494
465 495
465 496
465 497
465 498
465 499
466 467
466 468
466 469
466 470
466 471
466 472
466 473
466 474
466 475
466 476
466 477
466 478
466 479
466 480
466 481
466 482
466 483
466 484
466 485
466 486
466 487
466 488
466 489
466 490
466 491
466 492
466 493
466 494
466 495
466 496
466 497
466 498
466 499
467 468
467 469
467 470
467 471
467 472
467 473
467 474
467 475
467 476
467 477
467 478
467 479
467 480
467 481
467 482
467 483
467 484
467 485
467 486
467 487
467 488
467 489
467 490
467 491
467 492
467 493
467 494
467 495
467 496
467 497
467 498
467 499
468 469
468 470
468 471
468 472
468 473
468 474
468 475
468 476
468 477
468 478
468 479
468 480
468 481
468 482
468 483
468 484
468 485
468 486
468 487
468 488
468 489
468 490
468 491
468 492
468 493
468 494
468 495
468 496
468 497
468 498
468 499
469 470
469 471
469 472
469 473
469 474
469 475
469 476
469 477
469 478
469 479
469 480
469 481
469 482
469 483
469 484
469 485
469 486
469 487
469 488
469 489
469 490
469 491
469 492
469 493
469 494
469 495
469 496
469 497
469 498
469 499
470 471
470 472
470 473
470 474
470 475
470 476
470 477
470 478
470 479
470 480
470 481
470 482
470 483
470 484
470 485
470 486
470 487
470 488
470 489
470 490
470 491
470 492
470 493
470 494
470 495
470 496
470 497
470 498
470 499
471 472
471 473
471 474
471 475
471 476
471 477
471 478
471 479
471 480
471 481
471 482
471 483
471 484
471 485
471 486
471 487
471 488
471 489
471 490
471 491
471 492
471 493
471 494
471 495
471 496
471 497
471 498
471 499
472 473
472 474
472 475
472 476
472 477
472 478
472 479
472 480
472 481
472 482
472 483
472 484
472 485
472 486
472 487
472 488
472 489
472 490
472 491
472 492
472 493
472 494
472 495
472 496
472 497
472 498
472 499
473 474
473 475
473 476
473 477
473 478
473 479
473 480
473 481
473 482
473 483
473 484
473 485
473 486
473 487
473 488
473 489
473 490
473 491
473 492
473 493
473 494
473 495
473 496
473 497
473 498
473 499
474 475
474 476
474 477
474 478
474 479
474 480
474 481
474 482
474 483
474 484
474 485
474 486
474 487
474 488
474 489
474 490
474 491
474 492
474 493
474 494
474 495
474 496
474 497
474 498
474 499
475 476
475 477
475 478
475 479
475 480
475 481
475 482
475 483
475 484
475 485
475 486
475 487
475 488
475 489
475 490
475 491
475 492
475 493
475 494
475 495
475 496
475 497
475 498
475 499
476 477
476 478
476 479
476 480
476 481
476 482
476 483
476 484
476 485
476 486
476 487
476 488
476 489
476 490
476 491
476 492
476 493
476 494
476 495
476 496
476 497
476 498
476 499
477 478
477 479
477 480
477 481
477 482
477 483
477 484
477 485
477 486
477 487
477 488
477 489
477 490
477 491
477 492
477 493
477 494
477 495
477 496
477 497
477 498
477 499
478 479
478 480
478 481
478 482
478 483
478 484
478 485
478 486
478 487
478 488
478 489
478 490
478 491
478 492
478 493
478 494
478 495
478 496
478 497
478 498
478 499
479 480
479 481
479 482
479 483
479 484
479 485
479 486
479 487
479 488
479 489
479 490
479 491
479 492
479 493
479 494
479 495
479 496
479 497
479 498
479 499
480 481
480 482
480 483
480 484
480 485
480 486
480 487
480 488
480 489
480 490
480 491
480 492
480 493
480 494
480 495
480 496
480 497
480 498
480 499
481 482
481 483
481 484
481 485
481 486
481 487
481 488
481 489
481 490
481 491
481 492
481 493
481 494
481 495
481 496
481 497
481 498
481 499
482 483
482 484
482 485
482 486
482 487
482 488
482 489
482 490
482 491
482 492
482 493
482 494
482 495
482 496
482 497
482 498
482 499
483 484
483 485
483 486
483 487
483 488
483 489
483 490
483 491
483 492
483 493
483 494
483 495
483 496
483 497
483 498
483 499
484 485
484 486
484 487
484 488
484 489
484 490
484 491
484 492
484 493
484 494
484 495
484 496
484 497
484 498
484 499
485 486
485 487
485 488
485 489
485 490
485 491
485 492
485 493
485 494
485 495
485 496
485 497
485 498
485 499
486 487
486 488
486 489
486 490
486 491
486 492
486 493
486 494
486 495
486 496
486 497
486 498
486 499
487 488
487 489
487 490
487 491
487 492
487 493
487 494
487 495
487 496
487 497
487 498
487 499
488 489
488 490
488 491
488 492
488 493
488 494
488 495
488 496
488 497
488 498
488 499
489 490
489 491
489 492
489 493
489 494
489 495
489 496
489 497
489 498
489 499
490 491
490 492
490 493
490 494
490 495
490 496
490 497
490 498
490 499
491 492
491 493
491 494