300
0
1 0 1
1 1 1
1 2 1
1 3 1
1 4 1
1 5 1
1 6 1
1 7 1
1 8 1
1 9 1
1 10 1
1 11 1
1 12 1
1 13 1
1 14 1
1 15 1
1 16 1
1 17 1
1 18 1
1 19 1
1 20 1
1 21 1
1 22 1
1 23 1
1 24 1
2 25 1 5 100000
1 26 1
1 27 1
1 28 1
1 29 1
1 30 1
1 31 1
1 32 1
1 33 1
1 34 1
1 35 1
1 36 1
1 37 1
1 38 1
1 39 1
1 40 1
1 41 1
1 42 1
1 43 1
1 44 1
2 45 1 5 100000
1 46 1
1 47 1
1 48 1
1 49 1
1 50 1
1 51 1
1 52 1
1 53 1
1 54 1
1 55 1
1 56 1
1 57 1
1 58 1
1 59 1
2 60 1 14 100000
1 61 1
1 62 1
1 63 1
1 64 1
1 65 1
1 66 1
1 67 1
1 68 1
1 69 1
1 70 1
1 71 1
1 72 1
1 73 1
1 74 1
1 75 1
1 76 1
1 77 1
1 78 1
1 79 1
1 80 1
1 81 1
1 82 1
2 83 1 32 100000
2 84 1 18 100000
1 85 1
1 86 1
1 87 1
1 88 1
1 89 1
2 90 1 15 100000
1 91 1
1 92 1
1 93 1
1 94 1
1 95 1
1 96 1
1 97 1
1 98 1
1 99 1
1 100 1
1 101 1
1 102 1
2 103 1 28 100000
1 104 1
1 105 1
1 106 1
1 107 1
1 108 1
1 109 1
1 110 1
1 111 1
1 112 1
1 113 1
1 114 1
1 115 1
2 116 1 18 100000
2 117 1 82 100000
1 118 1
1 119 1
1 120 1
1 121 1
1 122 1
1 123 1
2 124 1 116 100000
1 125 1
1 126 1
1 127 1
1 128 1
1 129 1
1 130 1
1 131 1
1 132 1
1 133 1
1 134 1
3 135 1 68 100000 79 100000
1 136 1
1 137 1
1 138 1
1 139 1
1 140 1
1 141 1
1 142 1
1 143 1
1 144 1
2 145 1 73 100000
1 146 1
1 147 1
1 148 1
2 149 1 91 100000
1 150 1
1 151 1
1 152 1
1 153 1
2 154 1 137 100000
1 155 1
1 156 1
1 157 1
1 158 1
3 159 1 112 100000 24 100000
1 160 1
1 161 1
1 162 1
1 163 1
1 164 1
1 165 1
2 166 1 54 100000
1 167 1
1 168 1
1 169 1
1 170 1
1 171 1
1 172 1
1 173 1
1 174 1
1 175 1
2 176 1 162 100000
2 177 1 117 100000
2 178 1 171 100000
1 179 1
2 180 1 122 100000
1 181 1
1 182 1
1 183 1
1 184 1
1 185 1
1 186 1
1 187 1
1 188 1
1 189 1
1 190 1
1 191 1
1 192 1
1 193 1
1 194 1
1 195 1
1 196 1
1 197 1
1 198 1
3 199 1 150 100000 54 100000
1 200 1
1 201 1
1 202 1
2 203 1 89 100000
1 204 1
1 205 1
1 206 1
2 207 1 145 100000
1 208 1
1 209 1
1 210 1
1 211 1
1 212 1
1 213 1
1 214 1
2 215 1 90 100000
1 216 1
1 217 1
1 218 1
1 219 1
1 220 1
1 221 1
1 222 1
1 223 1
2 224 1 134 100000
1 225 1
1 226 1
1 227 1
1 228 1
2 229 1 120 100000
1 230 1
1 231 1
1 232 1
1 233 1
1 234 1
2 235 1 97 100000
1 236 1
1 237 1
1 238 1
1 239 1
2 240 1 132 100000
1 241 1
1 242 1
2 243 1 232 100000
2 244 1 109 100000
2 245 1 232 100000
1 246 1
1 247 1
2 248 1 7 100000
1 249 1
1 250 1
1 251 1
1 252 1
2 253 1 193 100000
1 254 1
1 255 1
1 256 1
1 257 1
1 258 1
3 259 1 168 100000 87 100000
2 260 1 36 100000
1 261 1
1 262 1
1 263 1
1 264 1
2 265 1 103 100000
2 266 1 222 100000
1 267 1
1 268 1
1 269 1
1 270 1
1 271 1
1 272 1
2 273 1 219 100000
1 274 1
1 275 1
2 276 1 246 100000
1 277 1
2 278 1 20 100000
1 279 1
1 280 1
2 281 1 234 100000
1 282 1
1 283 1
2 284 1 233 100000
1 285 1
1 286 1
1 287 1
1 288 1
1 289 1
1 290 1
1 291 1
1 292 1
1 293 1
2 294 1 69 100000
2 295 1 34 100000
1 296 1
1 297 1
1 298 1
10
299 0
299 0
299 0
299 0
299 0
299 0
299 0
299 0
299 0
299 0